"as.character(subtypes_chi)"
"1" "c(`X-squared` = 30.091167241041)"
"2" "c(df = 16)"
"3" "0.0175351824894966"
"4" "Pearson's Chi-squared test"
"5" "all_subtypes"
"6" "c(43, 75, 70, 11, 15, 57, 59, 125, 8, 9, 19, 18, 34, 2, 2, 25, 35, 69, 6, 6, 13, 6, 22, 0, 1)"
"7" "c(46.0246575342466, 56.5780821917808, 93.8082191780822, 7.91506849315068, 9.67397260273973, 55.4876712328767, 68.2109589041096, 113.095890410959, 9.54246575342466, 11.6630136986301, 16.1301369863014, 19.8287671232877, 32.8767123287671, 2.77397260273973, 3.39041095890411, 30.3246575342466, 37.2780821917808, 61.8082191780822, 5.21506849315069, 6.37397260273973, 9.03287671232877, 11.1041095890411, 18.4109589041096, 1.55342465753425, 1.8986301369863)"
"8" "c(-0.445841946479959, 2.44912374640362, -2.45813916409239, 1.0965241153698, 1.71238324420738, 0.203024273059025, -1.11526421452931, 1.11936959007111, -0.499327201427088, -0.779772666296857, 0.714565656603007, -0.410686615735972, 0.195905577852673, -0.464701959735163, -0.755121803884704, -0.966927090413617, -0.373114913565911, 0.914772979276338, 0.343717586402986, -0.148127158090937, 1.31996573063161, -1.53171554807125, 0.83645046494103, -1.24636457649207, -0.652169965332526)"
"9" "c(-0.598551639113301, 3.396421611559, -3.90132874085465, 1.32904147533557, 2.08440732091219, 0.2849853360832, -1.61712088180777, 1.85751973552453, -0.632789732358121, -0.992438215964852, 0.851465466150453, -0.505505187535619, 0.275966956018739, -0.499918319314624, -0.815835936737856, -1.21501497263996, -0.484306924142461, 1.3588972264222, 0.389932382873904, -0.168765439366544, 1.53466640461533, -1.83958398034341, 1.14967990249345, -1.30826606288746, -0.687500543974182)"
